ns=4
Nx=2
Ny=1
Nz=1
Ns=9
1 0.0 1.0 0
2 1.0 0.0 0
3 1.0 1.0 0
4 1.0 2.0 0
5 2.0 1.0 0
6 3.0 0.0 0
7 3.0 1.0 0
8 3.0 2.0 0
9 4.0 1.0 0
1 1 3 4.0 0.0
1 2 2 -0.325
1 3 1 -1.299038105676658
1 4 2 0.325
2 2 3 4.0 0.0
2 1 2 -0.325
2 3 1 1.299038105676658
2 5 2 0.325
3 3 4 8.0 2.0
3 1 1 -1.299038105676658
3 2 1 1.299038105676658
3 4 1 -1.299038105676658
3 5 1 1.299038105676658
3 7 5 0.0
4 4 3 4.0 0.0
4 1 2 0.325
4 3 1 -1.299038105676658
4 5 2 -0.325
5 5 3 4.0 0.0
5 2 2 0.325
5 3 1 1.299038105676658
5 4 2 -0.325
5 5 3 4.0 0.0
5 6 2 -0.325
5 7 1 -1.299038105676658
5 8 2 0.325
6 6 3 4.0 0.0
6 5 2 -0.325
6 7 1 1.299038105676658
6 9 2 0.325
7 7 4 8.0 2.0
7 5 1 -1.299038105676658
7 6 1 1.299038105676658
7 8 1 -1.299038105676658
7 9 1 1.299038105676658
7 3 5 0.0
8 8 3 4.0 0.0
8 5 2 0.325
8 7 1 -1.299038105676658
8 9 2 -0.325
9 9 3 4.0 0.0
9 6 2 0.325
9 7 1 1.299038105676658
9 8 2 -0.325
