ns=11
Nx=2
Ny=1
Nz=1
Ns=25
1 0.0 1.0 0
2 0.0 1.0 0
3 0.0 1.0 0
4 1.0 0.0 0
5 1.0 0.0 0
6 1.0 0.0 0
7 1.0 1.0 0
8 1.0 1.0 0
9 1.0 2.0 0
10 1.0 2.0 0
11 1.0 2.0 0
12 2.0 1.0 0
13 2.0 1.0 0
14 2.0 1.0 0
15 3.0 0.0 0
16 3.0 0.0 0
17 3.0 0.0 0
18 3.0 1.0 0
19 3.0 1.0 0
20 3.0 2.0 0
21 3.0 2.0 0
22 3.0 2.0 0
23 4.0 1.0 0
24 4.0 1.0 0
25 4.0 1.0 0
1 1 px 4.0 0.0
1 4 1 0.175
4 1 1 0.175
1 5 2 -0.325
5 1 2 -0.325
2 2 py 4.0 0.0
2 4 2 -0.325
4 2 2 -0.325
2 5 1 0.175
5 2 1 0.175
3 3 pz 4.0 0.0
3 6 3 -0.15
6 3 3 -0.15
1 1 px 4.0 0.0
1 9 1 0.175
9 1 1 0.175
1 10 2 0.325
10 1 2 0.325
2 2 py 4.0 0.0
2 9 2 0.325
9 2 2 0.325
2 10 1 0.175
10 2 1 0.175
3 3 pz 4.0 0.0
3 11 3 -0.15
11 3 3 -0.15
4 4 px 4.0 0.0
4 12 1 0.175
12 4 1 0.175
4 13 2 0.325
13 4 2 0.325
5 5 py 4.0 0.0
5 12 2 0.325
12 5 2 0.325
5 13 1 0.175
13 5 1 0.175
6 6 pz 4.0 0.0
6 14 3 -0.15
14 6 3 -0.15
9 9 px 4.0 0.0
9 12 1 0.175
12 9 1 0.175
9 13 2 -0.325
13 9 2 -0.325
10 10 py 4.0 0.0
10 12 2 -0.325
12 10 2 -0.325
10 13 1 0.175
13 10 1 0.175
11 11 pz 4.0 0.0
11 14 3 -0.15
14 11 3 -0.15
7 7 dx2y2 8.0 2.0
7 1 4 -1.299038105676658
1 7 4 -1.299038105676658
8 8 d3z2r2 8.0 2.0
8 3 5 0.75
3 8 5 0.75
7 7 dx2y2 8.0 2.0
7 4 4 1.299038105676658
4 7 4 1.299038105676658
8 8 d3z2r2 8.0 2.0
8 6 5 0.75
6 8 5 0.75
7 7 dx2y2 8.0 2.0
7 9 4 -1.299038105676658
9 7 4 -1.299038105676658
8 8 d3z2r2 8.0 2.0
8 11 5 0.75
11 8 5 0.75
7 7 dx2y2 8.0 2.0
7 12 4 1.299038105676658
12 7 4 1.299038105676658
8 8 d3z2r2 8.0 2.0
8 14 5 0.75
14 8 5 0.75
12 12 px 4.0 0.0
12 24 1 0.175
24 12 1 0.175
12 25 2 -0.325
25 12 2 -0.325
13 13 py 4.0 0.0
13 24 2 -0.325
24 13 2 -0.325
13 25 1 0.175
25 13 1 0.175
23 23 pz 4.0 0.0
23 17 3 -0.15
17 23 3 -0.15
12 12 px 4.0 0.0
12 20 1 0.175
20 12 1 0.175
12 21 2 0.325
21 12 2 0.325
13 13 py 4.0 0.0
13 20 2 0.325
20 13 2 0.325
13 21 1 0.175
21 13 1 0.175
23 23 pz 4.0 0.0
23 22 3 -0.15
22 23 3 -0.15
24 24 px 4.0 0.0
24 23 1 0.175
23 24 1 0.175
24 24 2 0.325
24 24 2 0.325
25 25 py 4.0 0.0
25 23 2 0.325
23 25 2 0.325
25 24 1 0.175
24 25 1 0.175
17 17 pz 4.0 0.0
17 25 3 -0.15
25 17 3 -0.15
20 20 px 4.0 0.0
20 23 1 0.175
23 20 1 0.175
20 24 2 -0.325
24 20 2 -0.325
21 21 py 4.0 0.0
21 23 2 -0.325
23 21 2 -0.325
21 24 1 0.175
24 21 1 0.175
22 22 pz 4.0 0.0
22 25 3 -0.15
25 22 3 -0.15
18 18 dx2y2 8.0 2.0
18 12 4 -1.299038105676658
12 18 4 -1.299038105676658
19 19 d3z2r2 8.0 2.0
19 23 5 0.75
23 19 5 0.75
18 18 dx2y2 8.0 2.0
18 24 4 1.299038105676658
24 18 4 1.299038105676658
19 19 d3z2r2 8.0 2.0
19 17 5 0.75
17 19 5 0.75
18 18 dx2y2 8.0 2.0
18 20 4 -1.299038105676658
20 18 4 -1.299038105676658
19 19 d3z2r2 8.0 2.0
19 22 5 0.75
22 19 5 0.75
18 18 dx2y2 8.0 2.0
18 23 4 1.299038105676658
23 18 4 1.299038105676658
19 19 d3z2r2 8.0 2.0
19 25 5 0.75
25 19 5 0.75
